colorIndex	r	g	b
1	0	0	0
2	255	255	255
3	255	0	0
4	0	255	0
5	0	0	255
6	255	255	0
7	255	0	255
8	0	255	255
9 	128	0	0
10	0	128	0
11	0	0	128
12	128	128	0
13	128	0	128
14	0	128	128
15	192	192	192
16	128	128	128
17	153	153	255
18	153	51	102
19	255	255	204
20	204	255	255
21	102	0	102
22	255	128	128
23	0	102	204
24	204	204	255
25	0	0	128
26	255	0	255
27	255	255	0
28	0	255	255
29	128	0	128
30	128	0	0
31	0	128	128
32	0	0	255
33	0	204	255
34	204	255	255
35	204	255	204
36	255	255	153
37	153	204	255
38	255	153	204
39	204	153	255
40	255	204	153
41	51	102	255
42	51	204	204
43	153	204	0
44	255	204	0
45	255	153	0
46	255	102	0
47	102	102	153
48	150	150	150
49	0	51	102
50	51	153	102
51	0	51	0
52	51	51	0
53	153	51	0
54	153	51	102
55	51	51	153
56	51	51	51
57	0	0	0